1 2.295279688358307
2 2.111007224559784
3 0.6732756214141846
4 0.38110342061519625
5 0.2766755624972284
6 0.22493256194144487
7 0.20488814014755188
8 0.16615526122227312
9 0.14116928023193032
10 0.138487495216541
11 0.12283306474704295
12 0.11701342740934342
13 0.11369530012831092
14 0.10239208181248978
15 0.09110207348538096
16 0.09323331756633707
17 0.0931597098663915
18 0.08384445374482312
19 0.08439889891189523
20 0.07705634955549613
21 0.08440506291249766
22 0.06984212502127048
23 0.074351694928715
24 0.06810653080884367
25 0.06753189761796966
26 0.07011967646039556
27 0.0728252729382657
28 0.06197920611058362
29 0.04203136403352255
30 0.06061572957003955
31 0.05333009089319967
32 0.0571501589914551
33 0.06408118183858459
34 0.06046366587886587
35 0.062321700831642374
